19127,243700,
19127,264300,
19127,223200,
19127,268500,
19127,228700,
19127,235900,
19127,542000,
19127,328200,
19127,332900,
19127,227100,
19127,160500,
19127,251400,
19127,232500,
19127,275800,
19127,341600,
19127,251700,
19127,251500,
19127,201000,
19127,255600,
19127,246600,
19127,382000,
19127,2708700,
19127,90200,
19127,240100,
19127,222200,
19127,367400,
19127,281100,
19127,391400,
19127,440300,
19127,255400,
19127,195900,
19127,185900,
19127,256600,
19127,227800,
19127,273300,
19127,273500,
19127,263700,
19127,228400,
19127,389900,
19127,431200,
19127,230900,
19127,264600,
19127,282300,
19127,530200,
19127,407600,
19127,247200,
19127,530200,
19127,209900,
19127,586100,
19127,205600,
19127,217000,
19127,274900,
19127,298800,
19127,292100,
19127,260800,
19127,324100,
19127,509000,
19127,560200,
19127,217600,
19127,286200,
19127,591500,
19127,39600,
19127,237500,
19127,241900,
19127,206900,
19127,210600,
19127,294500,
19127,224400,
19127,219200,
19127,11500,
19127,258900,
19127,284800,
19127,372600,
19127,299000,
19127,274900,
19127,357000,
19127,334500,
19127,294800,
19127,248500,
19127,318400,
19127,262400,
19127,321200,
19127,321200,
19127,327400,
19127,311600,
19127,268300,
19127,449000,
19127,351600,
19127,249800,
19127,214700,
19127,254000,
19127,224700,
19127,39600,
19127,286400,
19127,275700,
19127,320000,
19127,287500,
19127,262900,
19127,512600,
19127,259500,
19127,208800,
19127,267800,
19127,315400,
19127,379500,
19127,335300,
19127,360800,
19127,572000,
19127,199700,
19127,217900,
19127,238000,
19127,279900,
19127,260600,
19127,247600,
19127,219000,
19127,284900,
19127,221500,
19127,244600,
19127,225500,
19127,271100,
19127,248800,
19127,262300,
19127,228000,
19127,232600,
19127,193300,
19127,592500,
19127,268000,
19127,225000,
19127,39600,
19127,39600,
19127,270500,
19127,583100,
19127,385100,
19127,839000,
19127,187400,
19127,574700,
19127,260900,
19127,231200,
19127,165800,
19127,253200,
19127,391600,
19127,294600,
19127,45000,
19127,345600,
19127,497600,
19127,234900,
19127,315000,
19127,315500,
19127,215500,
19127,399200,
19127,262500,
19127,1295000,
19127,185500,
19127,238300,
19127,315500,
19127,459400,
19127,287800,
19127,321200,
19127,278700,
19127,1270500,
19127,236100,
19127,296300,
19127,230600,
19127,325400,
19127,237200,
19127,202900,
19127,178600,
19127,324700,
19127,327300,
19127,257700,
19127,210900,
19127,574700,
19127,333500,
19127,255900,
19127,291000,
19127,314200,
19127,342700,
19127,234400,
19127,209000,
19127,260500,
19127,284600,
19127,408400,
19127,244200,
19127,654500,
19127,401000,
19127,654500,
19127,329500,
19127,252000,
19127,208200,
19127,349300,
19127,356300,
19127,218700,
19127,569400,
19127,482200,
19127,288500,
19127,1113000,
19127,1150200,
19127,285900,
19127,246700,
19127,293000,
19127,233100,
19127,333900,
19127,216600,
19127,271700,
19127,215100,
19127,243000,
19127,241900,
19127,184600,
19127,193400,
19127,275000,
19127,304500,
19127,232900,
19127,275300,
19127,334600,
19127,272600,
19127,260100,
19127,189600,
19127,242600,
19127,538400,
19127,355800,
19127,224900,
19127,361200,
19127,306600,
19127,274300,
19127,351400,
19127,347600,
19127,270500,
19127,681500,
19127,281200,
19127,412700,
19127,318600,
19127,2577600,
19127,235000,
19127,206400,
19127,284700,
19127,472800,
19127,276300,
19127,199100,
19127,325300,
19127,278500,
19127,321200,
19127,740500,
19127,373700,
19127,300500,
19127,646800,
19127,257500,
19127,429400,
19127,194800,
19127,401600,
19127,250800,
19127,219600,
19127,6400,
19127,583100,
19127,599000,
19127,312300,
19127,777900,
19127,274900,
19127,895000,
19127,123300,
19127,387600,
19127,436300,
19127,282600,
19127,561500,
19127,251200,
19127,199400,
19127,369800,
19127,348000,
19127,572000,
19127,254000,
19127,205200,
19127,1296900,
19127,731900,
19127,274900,
19127,286400,
19127,269800,
19127,460000,
19127,439300,
19127,250800,
19127,254300,
19127,276500,
19127,457900,
19127,233300,
19127,207600,
19127,290100,
19127,212900,
19127,261300,
19127,217000,
19127,240700,
19127,303200,
19127,200500,
19127,245600,
19127,292200,
19127,215100,
19127,300400,
19127,211600,
19127,205200,
19127,313900,
19127,200700,
19127,286400,
19127,315700,
19127,215500,
19127,342300,
19127,275700,
19127,213100,
19127,330000,
19127,222500,
19127,319800,
19127,263900,
19127,329400,
19127,265500,
19127,239800,
19127,352500,
19127,359200,
19127,245000,
19127,239900,
19127,263700,
19127,217000,
19127,395100,
19127,244700,
19127,297500,
19127,261800,
19127,240000,
19127,268600,
19127,284600,
19127,242200,
19127,511900,
19127,731000,
19127,245900,
19127,818000,
19127,198700,
19127,328500,
19127,273700,
19127,242400,
19127,285600,
19127,210600,
19127,295000,
19127,233300,
19127,371900,
19127,230300,
19127,271400,
19127,341100,
19127,264100,
19127,274400,
19127,102300,
19127,268500,
19127,414200,
19127,485500,
19127,398800,
19127,283800,
19127,228600,
19127,831500,
19127,353500,
19127,410000,
19127,286900,
19127,184000,
19127,270500,
19127,242100,
19127,293600,
19127,272500,
19127,283000,
19127,311200,
19127,287700,
19127,287600,
19127,275000,
19127,252100,
19127,262400,
19127,265600,
19127,358200,
19127,212800,
19127,56200,
19127,330400,
19127,266700,
19127,242900,
19127,258700,
19127,333800,
19127,310300,
19127,239400,
19127,382000,
19127,209600,
19127,386900,
19127,284200,
19127,800500,
19127,319100,
19127,264100,
19127,232700,
19127,321100,
19127,379500,
19127,470300,
19127,224200,
19127,646300,
19127,533100,
19127,359800,
19127,232700,
19127,203500,
19127,271700,
19127,247900,
19127,299500,
19127,526400,
19127,218200,
19127,292700,
19127,229200,
19127,230400,
19127,403300,
19127,329700,
19127,1005900,
19127,413000,
19127,514800,
19127,307300,
19127,211200,
19127,564700,
19127,406400,
19127,914900,
19127,59500,
19127,273400,
19127,289200,
19127,318500,
19127,218400,
19127,259000,
19127,348600,
19127,217000,
19127,261400,
19127,1064700,
19127,46800,
19127,250500,
19127,186500,
19127,800000,
19127,371200,
19127,202500,
19127,230500,
19127,263700,
19127,545200,
19127,329400,
19127,7900,
19127,778000,
19127,240700,
19127,249500,
19127,289200,
19127,276500,
19127,305800,
19127,268300,
19127,265700,
19127,200400,
19127,324700,
19127,57900,
19127,258900,
19127,215300,
19127,3240800,
19127,290600,
19127,839000,
19127,45500,
19127,311000,
19127,39600,
19127,281200,
19127,261100,
19127,324200,
19127,276500,
19127,221000,
19127,218400,
19127,210500,
19127,259600,
19127,362400,
19127,246000,
19127,239800,
19127,392400,
19127,332700,
19127,301700,
19127,330600,
19127,39600,
19127,39600,
19127,206000,
19127,247700,
19127,39600,
19127,234500,
19127,361000,
19127,269500,
19127,510100,
19127,39600,
19127,212200,
19127,499400,
19127,298100,
19127,45500,
19127,297000,
19127,236400,
19127,313300,
19127,39600,
19127,300000,
19127,315000,
19127,328700,
19127,213700,
19127,296700,
19127,333900,
19127,274400,
19127,325700,
19127,356300,
19127,207900,
19127,352200,
19127,45500,
19127,327700,
19127,312000,
19127,278300,
19127,245200,
19127,39600,
19127,290300,
19127,259300,
19127,218600,
19127,248100,
19127,291200,
19127,297600,
19127,295100,
19127,357400,
19127,243600,
19127,583100,
19127,218600,
19127,327500,
19127,400200,
19127,387000,
19127,315100,
19127,249700,
19127,306800,
19127,214700,
19127,250000,
19127,260700,
19127,466900,
19127,215300,
19127,286400,
19127,585800,
19127,227700,
19127,94000,
19127,227700,
19127,439200,
19127,289200,
19127,234400,
19127,225000,
19127,362300,
19127,311200,
19127,667500,
19127,244900,
19127,563000,
19127,352800,
19127,234800,
19127,246900,
19127,294800,
19127,216800,
19127,277000,
19127,238000,
19127,330500,
19127,502300,
19127,1643300,
19127,292800,
19127,288300,
19127,276800,
19127,241100,
19127,367500,
19127,217400,
19127,292400,
19127,349000,
19127,292800,
19127,221100,
19127,150200,
19127,379400,
19127,49600,
19127,47900,
19127,172700,
19127,294700,
19127,473200,
19127,1162000,
19127,28800,
19127,234900,
19127,260000,
19127,214600,
19127,319800,
19127,545600,
19127,255500,
19127,601800,
19127,415800,
19127,602900,
19127,218400,
19127,208200,
19127,257300,
19127,256400,
19127,216600,
19127,289800,
19127,260300,
19127,7067400,
19127,632100,
19127,436100,
19127,82000,
19127,276200,
19127,423000,
19127,270600,
19127,288600,
19127,63800,
19127,249700,
19127,216400,
19127,152500,
19127,375000,
19127,233300,
19127,220200,
19127,334000,
19127,249200,
19127,292400,
19127,214900,
19127,322900,
19127,38200,
19127,244600,
19127,79200,
19127,589500,
19127,224400,
19127,291700,
19127,261300,
19127,237600,
19127,225700,
19127,253300,
19127,310200,
19127,280600,
19127,740800,
19127,232200,
19127,294300,
19127,131300,
19127,1378000,
19127,265500,
19127,250300,
19127,238400,
19127,283900,
19127,337200,
19127,269000,
19127,275800,
19127,415200,
19127,355700,
19127,933000,
19127,445000,
19127,24800,
19127,409900,
19127,29127300,
19127,261700,
19127,217800,
19127,290000,
19127,48300,
19127,321100,
19127,263600,
19127,335800,
19127,250900,
19127,476100,
19127,812000,
19127,39600,
19127,1080000,
19127,39600,
19127,900000,
19127,1056000,
19127,813900,
19127,1208800,
19127,837700,
19127,39600,
19127,780000,
19127,1076000,
19127,1015000,
19127,1220000,
19127,355500,
19127,269000,
19127,1218000,
19127,1145000,
19127,45500,
19127,1214000,
19127,45500,
19127,1233500,
19127,1293500,
19127,45500,
19127,707000,
19127,39600,
19127,39600,
19127,45500,
19127,234600,
19127,242400,
19127,289800,
19127,243200,
19127,264600,
19127,165000,
19127,291700,
19127,11700,
19127,11300,
19127,389700,
19127,7900,
19127,299200,
19127,298300,
19127,345000,
19127,235800,
19127,788400,
19127,300000,
19127,85300,
19127,345500,
19127,575000,
19127,217000,
19127,331200,
19127,234500,
19127,342300,
19127,252900,
19127,229700,
19127,280000,
19127,219000,
19127,287200,
19127,241200,
19127,332700,
19127,298200,
19127,251300,
19127,365700,
19127,256200,
19127,233200,
19127,272900,
19127,538700,
19127,255200,
19127,218800,
19127,221700,
19127,186200,
19127,191100,
19127,582500,
19127,215500,
19127,268500,
19127,245400,
19127,218400,
19127,253800,
19127,268800,
19127,256400,
19127,108000,
19127,456200,
19127,473900,
19127,336000,
19127,866800,
19127,240400,
19127,265000,
19127,36600,
19127,8500,
19127,8600,
19127,425000,
19127,245900,
19127,347700,
19127,497600,
19127,397500,
19127,434800,
19127,322900,
19127,163400,
19127,37000,
19127,36600,
19127,366100,
19127,218800,
19127,218200,
19127,131500,
19127,300800,
19127,247500,
19127,23000,
19127,276300,
19127,615400,
19127,273100,
19127,348000,
19127,256500,
19127,218600,
19127,216400,
19127,413800,
19127,267700,
19127,261300,
19127,950000,
19127,393300,
19127,625000,
19127,215500,
19127,240000,
19127,248500,
19127,308700,
19127,225200,
19127,249800,
19127,289900,
19127,218400,
19127,389500,
19127,186600,
19127,320300,
19127,218600,
19127,920000,
19127,314300,
19127,580000,
19127,285400,
19127,298300,
19127,398800,
19127,299100,
19127,381900,
19127,892500,
19127,233100,
19127,250900,
19127,2944200,
19127,313000,
19127,230700,
19127,234400,
19127,294700,
19127,1260000,
19127,236600,
19127,43000,
19127,226300,
19127,7000,
19127,599200,
19127,261200,
19127,288100,
19127,379700,
19127,193600,
19127,4890500,
19127,219200,
19127,475800,
19127,260200,
19127,260800,
19127,419800,
19127,269100,
19127,319700,
19127,248300,
19127,210700,
19127,318400,
19127,317400,
19127,259800,
19127,335400,
19127,200500,
19127,34600,
19127,34700,
19127,34700,
19127,34700,
19127,211400,
19127,360700,
19127,299000,
19127,212800,
19127,406000,
19127,212700,
19127,318300,
19127,553400,
19127,444500,
19127,185700,
19127,294500,
19127,276400,
19127,218600,
19127,246300,
19127,243100,
19127,261800,
19127,218300,
19127,213600,
19127,330300,
19127,289700,
19127,211000,
19127,242100,
19127,228300,
19127,659400,
19127,367800,
19127,215500,
19127,547100,
19127,268600,
19127,231800,
19127,288900,
19127,234600,
19127,515000,
19127,214500,
19127,274300,
19127,282900,
19127,326200,
19127,72400,
19127,15300,
19127,241300,
19127,220800,
19127,303300,
19127,242000,
19127,275000,
19127,213000,
19127,566100,
19127,297000,
19127,246200,
19127,243000,
19127,262300,
19127,272900,
19127,298500,
19127,217600,
19127,302500,
19127,323300,
19127,602800,
19127,592500,
19127,263300,
19127,243300,
19127,538700,
19127,232200,
19127,426800,
19127,1205900,
19127,306600,
19127,323000,
19127,216600,
19127,279500,
19127,242600,
19127,248100,
19127,378900,
19127,365000,
19127,248800,
19127,604400,
19127,6100,
19127,6100,
19127,6100,
19127,6100,
19127,509000,
19127,6100,
19127,255500,
19127,234200,
19127,499800,
19127,253200,
19127,285200,
19127,216500,
19127,985400,
19127,501000,
19127,270900,
19127,286200,
19127,249800,
19127,687300,
19127,532600,
19127,194700,
19127,330000,
19127,251600,
19127,245900,
19127,246300,
19127,218800,
19127,283100,
19127,214700,
19127,470300,
19127,299800,
19127,281600,
19127,179600,
19127,361500,
19127,282800,
19127,218800,
19127,244900,
19127,267400,
19127,241300,
19127,434200,
19127,572000,
19127,654500,
19127,304400,
19127,318200,
19127,245200,
19127,338200,
19127,482400,
19127,214500,
19127,264900,
19127,193000,
19127,463600,
19127,270000,
19127,176500,
19127,257500,
19127,310900,
19127,206400,
19127,245500,
19127,249000,
19127,260900,
19127,400200,
19127,404400,
19127,242100,
19127,225400,
19127,231900,
19127,242500,
19127,2016700,
19127,200500,
19127,229700,
19127,5734400,
19127,283600,
19127,189400,
19127,246500,
19127,87600,
19127,271300,
19127,260200,
19127,325500,
19127,219000,
19127,280500,
19127,310900,
19127,274100,
19127,252500,
19127,237800,
19127,365500,
19127,90000,
19127,395000,
19127,260800,
19127,245000,
19127,303800,
19127,413000,
19127,285700,
19127,470300,
19127,232600,
19127,222700,
19127,342900,
19127,230300,
19127,538200,
19127,246500,
19127,267000,
19127,233800,
19127,236200,
19127,313500,
19127,538700,
19127,141300,
19127,244100,
19127,233000,
19127,311000,
19127,572000,
19127,320800,
19127,236800,
19127,110300,
19127,278700,
19127,311400,
19127,217700,
19127,218200,
19127,207600,
19127,250300,
19127,250500,
19127,242900,
19127,243000,
19127,569400,
19127,256800,
19127,554600,
19127,292400,
19127,555100,
19127,182900,
19127,90600,
19127,524500,
19127,316700,
19127,539200,
19127,509200,
19127,254400,
19127,224200,
19127,205700,
19127,223600,
19127,300100,
19127,232700,
19127,319000,
19127,287400,
19127,509200,
19127,230500,
19127,290300,
19127,307100,
19127,242100,
19127,234400,
19127,250100,
19127,1200000,
19127,509200,
19127,509200,
19127,216200,
19127,253900,
19127,313600,
19127,321900,
19127,186600,
19127,7500,
19127,238300,
19127,303600,
19127,243900,
19127,226700,
19127,214500,
19127,646300,
19127,229100,
19127,416700,
19127,509200,
19127,335500,
19127,343800,
19127,681800,
19127,191800,
19127,497600,
19127,474500,
19127,246200,
19127,257400,
19127,231000,
19127,210900,
19127,301200,
19127,646300,
19127,269600,
19127,204300,
19127,43600,
19127,230000,
19127,212100,
19127,646300,
19127,545200,
19127,342900,
19127,109700,
19127,335800,
19127,646300,
19127,455400,
19127,539200,
19127,214800,
19127,224800,
19127,646300,
19127,312100,
19127,656700,
19127,290600,
19127,336800,
19127,539200,
19127,539200,
19127,344100,
19127,247900,
19127,375300,
19127,249200,
19127,321800,
19127,410000,
19127,421100,
19127,242500,
19127,7900,
19127,211200,
19127,202500,
19127,177400,
19127,354300,
19127,388600,
19127,365500,
19127,332400,
19127,401900,
19127,211100,
19127,241000,
19127,242400,
19127,275500,
19127,361200,
19127,681600,
19127,299300,
19127,249500,
19127,28900,
19127,204800,
19127,250900,
19127,315900,
19127,264400,
19127,272600,
19127,600600,
19127,307500,
19127,232300,
19127,339300,
19127,256700,
19127,26800,
19127,268500,
19127,502500,
19127,55300,
19127,55300,
19127,218300,
19127,188500,
19127,260100,
19127,258900,
19127,1366400,
19127,305500,
19127,560200,
19127,210400,
19127,163800,
19127,236600,
19127,509000,
19127,238200,
19127,680400,
19127,267200,
19127,331900,
19127,330400,
19127,17100,
19127,383400,
19127,289300,
19127,7700,
19127,281200,
19127,324200,
19127,380400,
19127,263700,
19127,206300,
19127,234600,
19127,261700,
19127,4554300,
19127,59600,
19127,262500,
19127,417900,
19127,218000,
19127,228200,
19127,258100,
19127,268500,
19127,232600,
19127,251400,
19127,247600,
19127,257900,
19127,282500,
19127,234400,
19127,260800,
19127,312000,
19127,284100,
19127,287400,
19127,574700,
19127,228700,
19127,248400,
19127,276200,
19127,581600,
19127,267000,
19127,385000,
19127,905100,
19127,216200,
19127,323400,
19127,633500,
19127,532200,
19127,531400,
19127,234400,
19127,262200,
19127,577900,
19127,241500,
19127,545200,
19127,545200,
19127,545200,
19127,417100,
19127,218800,
19127,190400,
19127,207500,
19127,500000,
19127,230400,
19127,259700,
19127,210500,
19127,7900,
19127,218400,
19127,204500,
19127,222500,
19127,246700,
19127,550700,
19127,271500,
19127,545200,
19127,415800,
19127,216100,
19127,228900,
19127,188100,
19127,204100,
19127,178900,
19127,561500,
19127,560200,
19127,233800,
19127,213200,
19127,224100,
19127,240300,
19127,560200,
19127,381400,
19127,564100,
19127,257000,
19127,219800,
19127,293100,
19127,218900,
19127,24300,
19127,272300,
19127,581000,
19127,232900,
19127,482000,
19127,202500,
19127,201900,
19127,581000,
19127,220100,
19127,507000,
19127,588500,
19127,280300,
19127,323100,
19127,581000,
19127,218400,
19127,228600,
19127,302900,
19127,343300,
19127,242500,
19127,260200,
19127,205100,
19127,196800,
19127,569800,
19127,240000,
19127,219000,
19127,602900,
19127,295800,
19127,225300,
19127,283700,
19127,507000,
19127,353700,
19127,235200,
19127,446800,
19127,258700,
19127,219700,
19127,254300,
19127,357700,
19127,255800,
19127,271300,
19127,378200,
19127,7500,
19127,232000,
19127,26200,
19127,226900,
19127,429100,
19127,217000,
19127,226100,
19127,273100,
19127,436200,
19127,343800,
19127,429600,
19127,16600,
19127,19000,
19127,236700,
19127,249000,
19127,237900,
19127,270800,
19127,497600,
19127,436000,
19127,274500,
19127,268700,
19127,379500,
19127,497600,
19127,272800,
19127,441500,
19127,289300,
19127,282800,
19127,218600,
19127,279900,
19127,218300,
19127,218400,
19127,206400,
19127,334000,
19127,201300,
19127,273800,
19127,326100,
19127,576100,
19127,493200,
19127,211500,
19127,285400,
19127,234400,
19127,234300,
19127,359600,
19127,552600,
19127,257600,
19127,212900,
19127,218400,
19127,354800,
19127,461200,
19127,388100,
19127,328700,
19127,242000,
19127,234200,
19127,264600,
19127,243200,
19127,194300,
19127,276000,
19127,246200,
19127,218400,
19127,230600,
19127,233700,
19127,264400,
19127,234300,
19127,211000,
19127,218900,
19127,287300,
19127,1647000,
19127,209300,
19127,278000,
19127,262600,
19127,301500,
19127,222700,
19127,306400,
19127,405900,
19127,218400,
19127,486600,
19127,12200,
19127,190300,
19127,62000,
19127,423400,
19127,1163800,
19127,209800,
19127,20400,
19127,353100,
19127,296600,
19127,255500,
19127,308000,
19127,142900,
19127,211900,
19127,7204100,
19127,210400,
19127,230400,
19127,494100,
19127,257000,
19127,215500,
19127,262100,
19127,627500,
19127,234200,
19127,519000,
19127,361200,
19127,809400,
19127,143200,
19127,126400,
19127,395800,
19127,257700,
19127,267000,
19127,261300,
19127,366300,
19127,279900,
19127,282900,
19127,497600,
19127,213000,
19127,232500,
19127,281300,
19127,290000,
19127,504400,
19127,50000,
19127,329600,
19127,206000,
19127,370600,
19127,561900,
19127,214500,
19127,213300,
19127,244300,
19127,465700,
19127,467600,
19127,583100,
19127,418400,
19127,253000,
19127,592500,
19127,241400,
19127,206000,
19127,485800,
19127,201200,
19127,307700,
19127,277000,
19127,236500,
19127,273000,
19127,282200,
19127,271700,
19127,284900,
19127,169300,
19127,181200,
19127,181300,
19127,12000,
19127,263500,
19127,206000,
19127,7600,
19127,435600,
19127,436200,
19127,262000,
19127,195300,
19127,370900,
19127,382200,
19127,211500,
19127,8700,
19127,252000,
19127,284800,
19127,256900,
19127,280700,
19127,481800,
19127,287300,
19127,491900,
19127,257900,
19127,530200,
19127,296700,
19127,207600,
19127,193400,
19127,392900,
19127,9371000,
19127,255600,
19127,466900,
19127,237500,
19127,497600,
19127,285900,
19127,619100,
19127,4480500,
19127,281500,
19127,256600,
19127,445900,
19127,244400,
19127,341000,
19127,341900,
19127,265600,
19127,217400,
19127,288000,
19127,447700,
19127,666400,
19127,238900,
19127,583100,
19127,47900,
19127,9800,
19127,347700,
19127,254300,
19127,46200,
19127,3793600,
19127,244500,
19127,248100,
19127,242700,
19127,262600,
19127,221200,
19127,220800,
19127,251000,
19127,274900,
19127,221400,
19127,221000,
19127,218100,
19127,217900,
19127,217700,
19127,217500,
19127,217300,
19127,257700,
19127,257400,
19127,257100,
19127,256800,
19127,220700,
19127,212900,
19127,212600,
19127,326500,
19127,212100,
19127,235900,
19127,235600,
19127,212700,
19127,212300,
19127,236100,
19127,235700,
19127,235300,
19127,261100,
19127,260600,
19127,259900,
19127,260800,
19127,260200,
19127,260800,
19127,260200,
19127,261100,
19127,260600,
19127,259900,
19127,221400,
19127,221000,
19127,221600,
19127,221200,
19127,220800,
19127,211900,
19127,211700,
19127,211500,
19127,211300,
19127,211100,
19127,196300,
19127,260700,
19127,260400,
19127,260100,
19127,259800,
19127,259600,
19127,251200,
19127,250900,
19127,250600,
19127,250300,
19127,250000,
19127,222200,
19127,221800,
19127,221400,
19127,221400,
19127,221400,
19127,222000,
19127,221600,
19127,221400,
19127,221400,
19127,221400,
19127,221600,
19127,221200,
19127,221800,
19127,221400,
19127,221000,
19127,221800,
19127,221400,
19127,222000,
19127,298600,
19127,221600,
19127,221200,
19127,164200,
19127,221400,
19127,221400,
19127,222700,
19127,222700,
19127,217100,
19127,266600,
19127,312800,
19127,223400,
19127,328900,
19127,235000,
19127,337000,
19127,227400,
19127,337200,
19127,261100,
19127,296200,
19127,263000,
19127,296600,
19127,343100,
19127,346700,
19127,304100,
19127,293200,
19127,304700,
19127,295600,
19127,313000,
19127,411200,
19127,334500,
19127,310700,
19127,310700,
19127,370800,
19127,425100,
19127,320100,
19127,319600,
19127,486300,
19127,318800,
19127,320600,
19127,318000,
19127,329500,
19127,326500,
19127,266000,
19127,265700,
19127,265400,
19127,265100,
19127,264800,
19127,170600,
19127,170200,
19127,169800,
19127,170400,
19127,170000,
19127,170400,
19127,170000,
19127,170600,
19127,170200,
19127,169800,
19127,221600,
19127,224400,
19127,254200,
19127,303800,
19127,243200,
19127,447600,
19127,315100,
19127,236500,
19127,352800,
19127,298800,
19127,322800,
19127,284900,
19127,296900,
19127,473400,
19127,957200,
19127,388900,
19127,273800,
19127,321200,
19127,3058900,
19127,294200,
19127,247600,
19127,266900,
19127,361900,
19127,176700,
19127,230500,
19127,216800,
19127,262200,
19127,163600,
19127,265100,
19127,266800,
19127,790300,
19127,230500,
19127,239700,
19127,298200,
19127,267700,
19127,405300,
19127,580300,
19127,316600,
19127,198800,
19127,346400,
19127,445300,
19127,445300,
19127,236900,
19127,312900,
19127,310700,
19127,436200,
19127,229900,
19127,176700,
19127,253600,
19127,176700,
19127,251900,
19127,385700,
19127,139500,
19127,250900,
19127,271200,
19127,319700,
19127,2293400,
19127,216600,
19127,252500,
19127,302000,
19127,283900,
19127,235200,
19127,263500,
19127,358200,
19127,279600,
19127,293000,
19127,227600,
19127,214900,
19127,271000,
19127,235900,
19127,299500,
19127,270100,
19127,269200,
19127,253500,
19127,271600,
19127,43200,
19127,261800,
19127,566300,
19127,250000,
19127,249500,
19127,230100,
19127,277500,
19127,215900,
19127,270000,
19127,218400,
19127,291700,
19127,281300,
19127,209900,
19127,264600,
19127,229700,
19127,277600,
19127,311200,
19127,562000,
19127,261900,
19127,277900,
19127,273000,
19127,220300,
19127,217900,
19127,235900,
19127,283100,
19127,268900,
19127,262400,
19127,271000,
19127,223300,
19127,234400,
19127,218400,
19127,251500,
19127,92700,
19127,215100,
19127,242400,
19127,1205700,
19127,203200,
19127,226300,
19127,300400,
19127,306700,
19127,283700,
19127,197900,
19127,248100,
19127,207900,
19127,452900,
19127,210600,
19127,259500,
19127,250600,
19127,242900,
19127,249200,
19127,472800,
19127,282700,
19127,248400,
19127,339300,
19127,489500,
19127,338500,
19127,222300,
19127,561400,
19127,220000,
19127,231700,
19127,217900,
19127,192200,
19127,417100,
19127,249200,
19127,21255000,
19127,256000,
19127,214700,
19127,211200,
19127,355300,
19127,248900,
19127,219000,
19127,337800,
19127,246200,
19127,284300,
19127,273600,
19127,86900,
19127,231800,
19127,329700,
19127,222300,
19127,532900,
19127,258500,
19127,7900,
19127,233900,
19127,206000,
19127,18300,
19127,258500,
19127,295000,
19127,278300,
19127,386000,
19127,202600,
19127,203900,
19127,240800,
19127,440100,
19127,376700,
19127,73500,
19127,513000,
19127,257800,
19127,244400,
19127,197300,
19127,452400,
19127,482000,
19127,236900,
19127,237800,
19127,232200,
19127,246800,
19127,261300,
19127,277600,
19127,287300,
19127,381900,
19127,274600,
19127,231200,
19127,210000,
19127,274700,
19127,218800,
19127,317900,
19127,286900,
19127,238300,
19127,236200,
19127,206000,
19127,246200,
19127,262200,
19127,232400,
19127,281000,
19127,391400,
19127,206000,
19127,229800,
19127,225500,
19127,222600,
19127,216900,
19127,356300,
19127,239600,
19127,24800,
19127,270900,
19127,216000,
19127,206000,
19127,391400,
19127,292900,
19127,218200,
19127,284100,
19127,232100,
19127,356300,
19127,206800,
19127,300400,
19127,215100,
19127,356300,
19127,259500,
19127,341100,
19127,275500,
19127,194800,
19127,411600,
19127,382100,
19127,477500,
19127,147200,
19127,237200,
19127,307100,
19127,5700,
19127,230800,
19127,235500,
19127,3184400,
19127,321700,
19127,243400,
19127,216000,
19127,221300,
19127,308100,
19127,199000,
19127,385500,
19127,252500,
19127,218400,
19127,243700,
19127,229800,
19127,312100,
19127,222200,
19127,229000,
19127,212600,
19127,267300,
19127,33200,
19127,33200,
19127,33200,
19127,314700,
19127,375400,
19127,267800,
19127,228700,
19127,251100,
19127,286800,
19127,244000,
19127,295000,
19127,280100,
19127,251000,
19127,260100,
19127,290200,
19127,393500,
19127,366800,
19127,203500,
19127,228400,
19127,206300,
19127,166000,
19127,287900,
19127,361200,
19127,257200,
19127,193300,
19127,280400,
19127,291600,
19127,21600,
19127,212000,
19127,51000,
19127,223800,
19127,54900,
19127,314100,
19127,233900,
19127,245700,
19127,237700,
19127,291100,
19127,278800,
19127,228100,
19127,218300,
19127,332700,
19127,493500,
19127,266600,
19127,308700,
19127,55000,
19127,107900,
19127,220700,
19127,281000,
19127,217600,
19127,438900,
19127,218800,
19127,268000,
19127,16800,
19127,342100,
19127,221100,
19127,260300,
19127,266100,
19127,357500,
19127,230200,
19127,227100,
19127,65500,
19127,211800,
19127,378200,
19127,275900,
19127,440300,
19127,229800,
19127,817400,
19127,254200,
19127,234900,
19127,1236900,
19127,320200,
19127,272400,
19127,294800,
19127,261200,
19127,269500,
19127,265500,
19127,318800,
19127,258900,
19127,235800,
19127,415100,
19127,613200,
19127,280200,
19127,202300,
19127,30400,
19127,218600,
19127,194700,
19127,268100,
19127,204000,
19127,217100,
19127,338200,
19127,268300,
19127,173900,
19127,275700,
19127,440300,
19127,279200,
19127,257100,
19127,380400,
19127,215100,
19127,245200,
19127,213300,
19127,257400,
19127,278000,
19127,319500,
19127,122200,
19127,2281900,
19127,215100,
19127,382100,
19127,267300,
19127,271400,
19127,342100,
19127,222600,
19127,1835500,
19127,23447300,
19127,213000,
19127,262000,
19127,330400,
19127,289800,
19127,215200,
19127,315600,
19127,230300,
19127,211100,
19127,284600,
19127,380100,
19127,457300,
19127,205000,
19127,304100,
19127,157200,
19127,282200,
19127,273600,
19127,382700,
19127,232000,
19127,235500,
19127,326700,
19127,240300,
19127,202500,
19127,349300,
19127,261700,
19127,245600,
19127,463700,
19127,218800,
19127,224700,
19127,343300,
19127,284200,
19127,303000,
19127,278800,
19127,254200,
19127,292200,
19127,261800,
19127,255900,
19127,218600,
19127,244500,
19127,274400,
19127,196100,
19127,278000,
19127,201800,
19127,214200,
19127,197100,
19127,213900,
19127,205000,
19127,206600,
19127,191100,
19127,191100,
19127,191700,
19127,207600,
19127,189900,
19127,189900,
19127,187500,
19127,251800,
19127,167600,
19127,178700,
19127,183000,
19127,169600,
19127,171600,
19127,158800,
19127,158800,
19127,159200,
19127,157700,
19127,157700,
19127,155900,
19127,26100,
19127,334000,
19127,218400,
19127,232300,
19127,245000,
19127,40000,
19127,215300,
19127,211000,
19127,257200,
19127,268600,
19127,357900,
19127,226000,
19127,239800,
19127,218400,
19127,232000,
19127,191800,
19127,217700,
19127,243400,
19127,272800,
19127,157400,
19127,668700,
19127,254900,
19127,26700,
19127,258800,
19127,225000,
19127,262300,
19127,259600,
19127,169000,
19127,276400,
19127,239600,
19127,237800,
19127,216000,
19127,200700,
19127,208100,
19127,253700,
19127,360500,
19127,57800,
19127,261100,
19127,27800,
19127,224800,
19127,290800,
19127,237800,
19127,226300,
19127,341000,
19127,195500,
19127,217400,
19127,311100,
19127,330400,
19127,284400,
19127,348400,
19127,331100,
19127,259400,
19127,134700,
19127,235200,
19127,321300,
19127,277000,
19127,218400,
19127,7900,
19127,183300,
19127,260500,
19127,226500,
19127,254000,
19127,184700,
19127,318000,
19127,261500,
19127,214700,
19127,219000,
19127,263600,
19127,238300,
19127,162100,
19127,264400,
19127,163700,
19127,132300,
19127,215600,
19127,47700,
19127,237500,
19127,202900,
19127,284100,
19127,223500,
19127,273000,
19127,342000,
19127,293400,
19127,285400,
19127,275000,
19127,315000,
19127,236300,
19127,246000,
19127,224100,
19127,325000,
19127,234900,
19127,450500,
19127,216800,
19127,234400,
19127,225400,
19127,845000,
19127,241700,
19127,228600,
19127,304800,
19127,312000,
19127,257300,
19127,650000,
19127,219000,
19127,233700,
19127,287300,
19127,351100,
19127,212900,
19127,315100,
19127,193400,
19127,321900,
19127,236600,
19127,327300,
19127,405000,
19127,227300,
19127,234400,
19127,251000,
19127,217700,
19127,232600,
19127,326900,
19127,534300,
19127,534300,
19127,534300,
19127,326800,
19127,184400,
19127,203500,
19127,259500,
19127,266500,
19127,231300,
19127,240700,
19127,196400,
19127,321000,
19127,436200,
19127,243200,
19127,217600,
19127,302200,
19127,160700,
19127,202100,
19127,223100,
19127,364900,
19127,380600,
19127,276500,
19127,372200,
19127,394500,
19127,230600,
19127,261600,
19127,200800,
19127,214400,
19127,252600,
19127,254300,
19127,218000,
19127,229400,
19127,185200,
19127,296300,
19127,244300,
19127,312800,
19127,37300,
19127,262300,
19127,291600,
19127,228900,
19127,240500,
19127,258200,
19127,231600,
19127,270300,
19127,242800,
19127,241300,
19127,345300,
19127,424700,
19127,218800,
19127,251600,
19127,234900,
19127,283000,
19127,240400,
19127,705300,
19127,234400,
19127,286700,
19127,266500,
19127,403000,
19127,204000,
19127,416500,
19127,249800,
19127,235500,
19127,364400,
19127,261000,
19127,261200,
19127,111000,
19127,124700,
19127,272800,
19127,228700,
19127,253900,
19127,262700,
19127,259500,
19127,251000,
19127,194800,
19127,258100,
19127,278200,
19127,381400,
19127,218800,
19127,176700,
19127,232600,
19127,304700,
19127,276900,
19127,270500,
19127,261400,
19127,45200,
19127,497200,
19127,2600000,
19127,115800,
19127,273900,
19127,206000,
19127,219000,
19127,53300,
19127,305000,
19127,307800,
19127,238700,
19127,12200,
19127,234500,
19127,234400,
19127,264400,
19127,329600,
19127,220800,
19127,270600,
19127,222000,
19127,210900,
19127,273300,
19127,217400,
19127,399200,
19127,257200,
19127,226300,
19127,265000,
19127,292900,
19127,320100,
19127,217900,
19127,402000,
19127,276900,
19127,358600,
19127,227000,
19127,255000,
19127,218800,
19127,452400,
19127,1656200,
19127,553500,
19127,218000,
19127,227900,
19127,206000,
19127,206000,
19127,222500,
19127,224700,
19127,275500,
19127,225100,
19127,248100,
19127,278600,
19127,381800,
19127,275000,
19127,271400,
19127,227800,
19127,236100,
19127,308400,
19127,207300,
19127,168700,
19127,268800,
19127,224500,
19127,218600,
19127,265100,
19127,222400,
19127,217200,
19127,244300,
19127,275000,
19127,245700,
19127,328100,
19127,234400,
19127,444400,
19127,294600,
19127,229600,
19127,215300,
19127,8278900,
19127,560600,
19127,216000,
19127,234100,
19127,206000,
19127,271900,
19127,262000,
19127,237200,
19127,357800,
19127,196200,
19127,393000,
19127,185700,
19127,217600,
19127,234400,
19127,261500,
19127,219200,
19127,310300,
19127,203100,
19127,269000,
19127,225400,
19127,255800,
19127,15000,
19127,488400,
19127,262000,
19127,239100,
19127,253500,
19127,213000,
19127,220600,
19127,282000,
19127,302000,
19127,278000,
19127,278700,
19127,216400,
19127,320400,
19127,259400,
19127,296800,
19127,204600,
19127,214900,
19127,217800,
19127,331200,
19127,209600,
19127,214900,
19127,244300,
19127,261900,
19127,243800,
19127,210500,
19127,219900,
19127,290700,
19127,338400,
19127,397900,
19127,220900,
19127,259000,
19127,251700,
19127,264600,
19127,219000,
19127,342000,
19127,209300,
19127,209300,
19127,209300,
19127,223400,
19127,247400,
19127,239500,
19127,267000,
19127,251900,
19127,241000,
19127,260900,
19127,289300,
19127,7600,
19127,258100,
19127,299100,
19127,320500,
19127,215500,
19127,220500,
19127,211800,
19127,225100,
19127,283500,
19127,223900,
19127,244800,
19127,212900,
19127,213000,
19127,197200,
19127,262000,
19127,3200,
19127,290800,
19127,209300,
19127,216000,
19127,241700,
19127,246500,
19127,286500,
19127,235400,
19127,213200,
19127,214400,
19127,177500,
19127,304100,
19127,212600,
19127,186200,
19127,17500,
19127,247900,
19127,211900,
19127,778100,
19127,251000,
19127,270700,
19127,13600,
19127,228600,
19127,282400,
19127,239500,
19127,210700,
19127,219600,
19127,192400,
19127,289200,
19127,249000,
19127,497000,
19127,222600,
19127,268500,
19127,247200,
19127,218400,
19127,250200,
19127,415300,
19127,297500,
19127,345100,
19127,372500,
19127,225600,
19127,213700,
19127,279400,
19127,215900,
19127,201000,
19127,290500,
19127,290700,
19127,214900,
19127,209100,
19127,219000,
19127,224400,
19127,315000,
19127,234300,
19127,315000,
19127,257900,
19127,219600,
19127,252200,
19127,1444300,
19127,249700,
19127,220200,
19127,273200,
19127,245300,
19127,248900,
19127,553800,
19127,319300,
19127,178300,
19127,427500,
19127,245700,
19127,16900,
19127,34000,
19127,1021100,
19127,324300,
19127,34500,
19127,9200,
19127,248600,
19127,293400,
19127,266800,
19127,264400,
19127,277100,
19127,226600,
19127,452400,
19127,286600,
19127,249600,
19127,329900,
19127,251000,
19127,265700,
19127,214000,
19127,415400,
19127,233700,
19127,248500,
19127,239900,
19127,201600,
19127,220200,
19127,320000,
19127,269300,
19127,285500,
19127,321000,
19127,260700,
19127,264100,
19127,403600,
19127,264000,
19127,203800,
19127,247000,
19127,399200,
19127,252300,
19127,286800,
19127,290400,
19127,310900,
19127,193200,
19127,205200,
19127,241500,
19127,278400,
19127,285200,
19127,247500,
19127,170100,
19127,270000,
19127,256300,
19127,239200,
19127,256300,
19127,426300,
19127,472700,
19127,593900,
19127,296700,
19127,267500,
19127,247700,
19127,170800,
19127,217000,
19127,210500,
19127,226100,
19127,157900,
19127,186200,
19127,2049400,
19127,220100,
19127,219300,
19127,232800,
19127,234500,
19127,210800,
19127,100400,
19127,228400,
19127,271300,
19127,237700,
19127,284900,
19127,195300,
19127,205000,
19127,991800,
19127,195200,
19127,547800,
19127,128500,
19127,258700,
19127,247100,
19127,240400,
19127,277700,
19127,155800,
19127,212200,
19127,84400,
19127,84200,
19127,1315100,
19127,268100,
19127,278000,
19127,1888900,
19127,259100,
19127,198800,
19127,211100,
19127,253000,
19127,322900,
19127,419000,
19127,365600,
19127,246100,
19127,213000,
19127,581800,
19127,284100,
19127,295900,
19127,202800,
19127,274200,
19127,295900,
19127,235900,
19127,219600,
19127,266700,
19127,225500,
19127,290500,
19127,265500,
19127,232900,
19127,230400,
19127,301100,
19127,204300,
19127,235700,
19127,256600,
19127,214100,
19127,235600,
19127,341200,
19127,242000,
19127,505400,
19127,239600,
19127,211600,
19127,69500,
19127,170100,
19127,209700,
19127,206300,
19127,255000,
19127,238900,
19127,135000,
19127,259200,
19127,270700,
19127,274900,
19127,318200,
19127,265000,
19127,230300,
19127,359300,
19127,237500,
19127,221000,
19127,291000,
19127,235200,
19127,2665500,
19127,256600,
19127,284100,
19127,225100,
19127,262500,
19127,339900,
19127,265000,
19127,262400,
19127,192400,
19127,265800,
19127,202500,
19127,316300,
19127,294000,
19127,227200,
19127,286100,
19127,185900,
19127,211400,
19127,328900,
19127,206400,
19127,223100,
19127,252900,
19127,210500,
19127,245200,
19127,274100,
19127,263900,
19127,232100,
19127,1565800,
19127,478000,
19127,93200,
19127,737900,
19127,367800,
19127,87900,
19127,261300,
19127,391400,
19127,168200,
19127,243700,
19127,236500,
19127,197900,
19127,233400,
19127,426900,
19127,236700,
19127,41400,
19127,205100,
19127,235100,
19127,7700,
19127,286200,
19127,4540900,
19127,228200,
19127,254000,
19127,481700,
19127,229300,
19127,2959100,
19127,228100,
19127,240000,
19127,256300,
19127,369800,
19127,239500,
19127,234900,
19127,393900,
19127,3700,
19127,13700,
19127,264000,
19127,1581800,
19127,350100,
19127,7500,
19127,285000,
19127,207000,
19127,225800,
19127,246800,
19127,247100,
19127,244700,
19127,422400,
19127,981100,
19127,362000,
19127,410800,
19127,443900,
19127,229500,
19127,692200,
19127,457800,
19127,2235600,
19127,14005600,
19127,1453700,
19127,854400,
19127,674500,
19127,215000,
19127,352700,
19127,257300,
19127,229200,
19127,777900,
19127,199600,
19127,309700,
19127,625500,
19127,326200,
19127,262900,
19127,260800,
19127,308900,
19127,185000,
19127,336600,
19127,258900,
19127,198200,
19127,5416600,
19127,62000,
19127,218300,
19127,442100,
19127,14000,
19127,272100,
19127,44700,
19127,285900,
19127,276200,
19127,244300,
19127,240600,
19127,972300,
19127,226300,
19127,220100,
19127,291500,
19127,219700,
19127,130200,
19127,217600,
19127,245300,
19127,282500,
19127,225500,
19127,233100,
19127,218700,
19127,287700,
19127,354800,
19127,262800,
19127,236500,
19127,287400,
19127,406100,
19127,270300,
19127,263400,
19127,346600,
19127,402000,
19127,285000,
19127,222700,
19127,266300,
19127,306000,
19127,299000,
19127,249700,
19127,237600,
19127,214900,
19127,245200,
19127,139200,
19127,292300,
19127,238000,
19127,275000,
19127,205400,
19127,251500,
19127,423100,
19127,212600,
19127,302900,
19127,230100,
19127,208900,
19127,193400,
19127,244000,
19127,234900,
19127,247800,
19127,120600,
19127,248000,
19127,324800,
19127,276200,
19127,135500,
19127,214100,
19127,176700,
19127,358400,
19127,2700,
19127,336500,
19127,241500,
19127,220800,
19127,244500,
19127,258100,
19127,283600,
19127,301100,
19127,234100,
19127,178600,
19127,309500,
19127,244600,
19127,132400,
19127,136300,
19127,284600,
19127,199100,
19127,224400,
19127,359600,
19127,269200,
19127,520900,
19127,289100,
19127,362900,
19127,1846900,
19127,251100,
19127,277900,
19127,473200,
19127,420100,
19127,449700,
19127,186300,
19127,305000,
19127,190800,
19127,265000,
19127,398500,
19127,490700,
19127,197800,
19127,174400,
19127,336500,
19127,244700,
19127,253700,
19127,219600,
19127,275900,
19127,11100,
19127,276500,
19127,245400,
19127,350500,
19127,227500,
19127,24900,
19127,279200,
19127,507700,
19127,240900,
19127,211400,
19127,250200,
19127,142400,
19127,281300,
19127,280100,
19127,246900,
19127,251600,
19127,220400,
19127,225000,
19127,63600,
19127,18500,
19127,3148500,
19127,833900,
19127,247400,
19127,274600,
19127,230100,
19127,219400,
19127,225100,
19127,260900,
19127,236300,
19127,210500,
19127,102700,
19127,30600,
19127,474900,
19127,249500,
19127,242500,
19127,210600,
19127,228600,
19127,234600,
19127,297000,
19127,232700,
19127,83300,
19127,249400,
19127,247400,
19127,219200,
19127,201200,
19127,348000,
19127,452900,
19127,33200,
19127,41800,
19127,319700,
19127,22500,
19127,238600,
19127,224500,
19127,215500,
19127,223800,
19127,267400,
19127,19200,
19127,237100,
19127,284000,
19127,251800,
19127,286800,
19127,146000,
19127,322900,
19127,281200,
19127,216000,
19127,236200,
19127,209300,
19127,303700,
19127,411300,
19127,302100,
19127,262200,
19127,215800,
19127,233800,
19127,241700,
19127,221600,
19127,250700,
19127,7900,
19127,217400,
19127,198800,
19127,220600,
19127,240500,
19127,270800,
19127,290700,
19127,211300,
19127,202500,
19127,336400,
19127,383800,
19127,10500,
19127,307200,
19127,35000,
19127,232600,
19127,225800,
19127,71600,
19127,206200,
19127,465300,
19127,209300,
19127,230000,
19127,198800,
19127,21300,
19127,221000,
19127,333500,
19127,186600,
19127,290700,
19127,246200,
19127,198100,
19127,241900,
19127,273200,
19127,165400,
19127,240700,
19127,22300,
19127,254700,
19127,258100,
19127,215200,
19127,303600,
19127,229300,
19127,482300,
19127,214300,
19127,197800,
19127,233300,
19127,60400,
19127,211300,
19127,223100,
19127,311200,
19127,75000,
19127,181100,
19127,246700,
19127,221900,
19127,236000,
19127,46900,
19127,461500,
19127,235600,
19127,297400,
19127,27300,
19127,29100,
19127,22300,
19127,202900,
19127,255700,
19127,337800,
19127,331800,
19127,223200,
19127,3300,
19127,58400,
19127,63000,
19127,330800,
19127,200000,
19127,26200,
19127,31100,
19127,21000,
19127,212300,
19127,220700,
19127,132300,
19127,315600,
19127,235500,
19127,306400,
19127,184400,
19127,282400,
19127,250800,
19127,251100,
19127,303100,
19127,241700,
19127,280700,
19127,274600,
19127,221400,
19127,252200,
19127,11400,
19127,195000,
19127,284700,
19127,214200,
19127,364400,
19127,269600,
19127,267400,
19127,298500,
19127,298200,
19127,44100,
19127,268000,
19127,193400,
19127,256600,
19127,246600,
19127,277900,
19127,245300,
19127,353500,
19127,20500,
19127,20400,
19127,211100,
19127,421200,
19127,280400,
19127,300800,
19127,232400,
19127,109800,
19127,39600,
19127,14600,
19127,13200,
19127,13500,
19127,14700,
19127,39100,
19127,225300,
19127,227300,
19127,339300,
19127,230400,
19127,247200,
19127,225300,
19127,277000,
19127,29000,
19127,24000,
19127,21800,
19127,156000,
19127,206800,
19127,236100,
19127,485800,
19127,2025200,
19127,225900,
19127,271000,
19127,289300,
19127,137600,
19127,201700,
19127,252000,
19127,230200,
19127,906100,
19127,936500,
19127,823200,
19127,228200,
19127,305600,
19127,195500,
19127,330800,
19127,246900,
19127,246200,
19127,248000,
19127,263100,
19127,234200,
19127,426400,
19127,207900,
19127,263700,
19127,240200,
19127,276800,
19127,7600,
19127,227300,
19127,206000,
19127,289300,
19127,224400,
19127,248000,
19127,240000,
19127,7700,
19127,226100,
19127,685800,
19127,236400,
19127,56500,
19127,247400,
19127,239900,
19127,263200,
19127,234200,
19127,210500,
19127,212300,
19127,7600,
19127,240600,
19127,62600,
19127,218100,
19127,288700,
19127,345800,
19127,258900,
19127,228700,
19127,266400,
19127,29600,
19127,272700,
19127,255200,
19127,22000,
19127,285700,
19127,275000,
19127,226700,
19127,274900,
19127,168800,
19127,259500,
19127,359600,
19127,254800,
19127,234300,
19127,268000,
19127,210500,
19127,290400,
19127,184400,
19127,238200,
19127,58700,
19127,366200,
19127,236000,
19127,7300,
19127,245500,
19127,1139200,
19127,319700,
19127,66900,
19127,23100,
19127,23400,
19127,22800,
19127,492100,
19127,379700,
19127,235900,
19127,185400,
19127,3500,
19127,227600,
19127,218300,
19127,260000,
19127,300300,
19127,1588000,
19127,13700,
19127,7400,
19127,1100,
19127,22400,
19127,238600,
19127,26500,
19127,234000,
19127,91100,
19127,226000,
19127,1022700,
19127,244100,
19127,7600,
19127,5100,
19127,231800,
19127,10189100,
19127,12300,
19127,31500,
19127,10600,
19127,906100,
19127,27100,
19127,36600,
19127,6400,
19127,8600,
19127,4100,
19127,10000,
19127,11500,
19127,60700,
19127,17700,
19127,600000,
19127,291900,
19127,10700,
19127,379200,
19127,698400,
19127,9400,
19127,10800,
19127,34300,
19127,7700,
19127,48100,
19127,3966500,
19127,88400,
19127,1070900,
19127,1329600,
19127,160600,
19127,799000,
19127,699000,
19127,699000,
19127,354000,
19127,699000,
19127,699000,
19127,699000,
19127,799000,
19127,53500,
19127,11500,
19127,414500,
19127,345000,
19127,59000,
19127,238600,
19127,185800,
19127,326600,
19127,295700,
19127,232900,
